   -0.1472    0.4902  -22.6757   14.7657   10.7925  -17.3419   -7.5815  -16.5327   -6.7174    2.7522
   -0.0266  -35.0944  -32.4594    4.0405  -26.8454  -15.5490   13.6408   -5.8257  -19.9688   20.2079
    8.5710   28.3335   -0.2600   16.7877    7.9738   25.0168  -16.2684   64.9319   37.4096    4.1401
   -9.3365   14.6148   15.3803   -8.9500   13.3843   11.7449   -0.2259   43.7849  -21.8766   -2.0620
  -10.7327  -10.5070  -10.8115  -22.9077   -6.4328   -5.8671  -16.5026  -18.7209  -24.1270   -3.9035
   -4.4719  -46.5036    7.6445   15.1053   25.4699   -4.8650    2.9459   -4.1135  -29.0937   -2.7148
  -31.5907   -8.6258    3.3545  -33.8597  -23.3012   23.1032   -3.6703  -26.8821    9.5488   15.7059
    1.5474    1.0597   44.9113  -21.3187    4.3058    8.9414   -2.5855   16.7395    7.9103   36.3242
   15.8642   13.2978   23.4792   -3.0947  -31.6854   21.0299   -3.5458  -21.0792    0.2551    1.0437
    3.2995  -10.9985  -23.5779  -15.0493   -8.0520   28.2452   -7.4406   28.9882   11.7649  -20.7264
  -18.4983    9.4069   -2.6034   -3.4082   12.6569    3.3046  -22.4033   17.6025    5.8450    0.7365
   19.0389    5.3023   -5.9238   15.4751   25.8458  -25.7346   22.7435   28.3442   14.5639    7.7247
  -25.0551   14.5814  -13.7300  -29.1604  -22.6408   14.6638   -7.1236   -6.1265   18.3277   18.9266
   29.4529    6.8328    3.1376   -5.0836    5.7405   -8.2359   -5.9844   15.5493  -25.9217    7.2692
    5.5905   -8.3338    9.5388    2.9695   -2.2383  -32.8456    3.7058   -2.1239   44.0008   29.1156
  -24.9922   -2.3515   62.8010   19.7341   31.4644  -20.1571   22.8596  -33.5565  -12.0289   24.7915
  -11.7986  -28.2762    6.6061  -12.0846  -11.0244    6.3332   14.3626   -3.3107   19.2385    2.7145
   10.3948   25.0691  -19.7922    5.7440   -0.0654  -30.0534   14.8459   -4.1880   14.6072  -12.8035
   18.4158  -28.1025   -7.5667   12.2992  -27.5615   10.6595  -13.3807   -3.1319  -43.4430  -35.8188
  -11.1143  -16.5129   16.7175   21.8368   46.1543   14.9561    1.8915    5.5027   -7.0192  -35.6376
   -1.9328  -19.6591  -22.7691   19.5841   11.3725  -10.6701   20.7965    4.9990   -6.9918  -24.5481
  -34.0289  -32.6618   -3.6488   -0.5755   -0.6418    0.1780    8.9158   -9.9760  -21.2482   20.8566
   -8.4632  -10.7970   15.6954   25.6013  -15.5956  -21.2952   12.7661   -4.8340    6.0825   -0.1423
   12.6132  -19.1098   -3.0308   25.0993    4.1901    2.2022   -5.7055   11.7803  -34.5866  -22.0603
   -6.7514   23.4242   13.4867  -16.8151   27.3124   12.9152  -14.5113   16.1135  -11.9779   20.8160
   12.1906    2.3199  -14.4425    6.0517    8.8660  -27.4363  -31.0784   27.8689  -26.2022    7.7405
  -13.1901  -19.1794   -6.4919   15.8620   -7.6614   12.3598   25.4618  -40.8654   47.3140  -31.3772
   -5.0959   17.0189  -31.7935   -0.9906   12.4380   32.8539   32.6690  -18.7553  -25.3487   32.7133
    9.2063  -22.9092    3.9100   27.7423   33.9663   36.1865   -3.7977   -0.7703   24.6828  -26.3494
   32.3884    5.6625   20.8711    5.5901  -19.1434    5.2206  -11.3936   21.0453   22.1101  -15.4121
   23.1785    6.1134    5.4018  -28.3533   17.5305   13.2623    3.4129  -15.7877   33.4208  -31.2812
   24.3203  -43.5968   22.6947   14.8406    2.2047  -15.2598   -1.4521  -13.5951   34.1597   12.7410
    2.9338   -3.4749  -11.4208    9.1010  -23.4350  -14.2621  -11.6979   34.4293   11.2631  -30.2702
   -9.9815   20.5271    0.3820   19.8001   -3.4895   15.0813    0.7937  -14.3669   -5.0237    3.3892
  -32.9605   -3.8418   18.5226  -12.8737  -25.3828    4.6140    6.1809  -21.5025  -37.6592    1.2791
   18.5769  -21.1732  -33.5060   13.3651  -41.3335  -36.8943   19.2469   -7.5463    3.3933   12.8176
  -61.2762   13.2878    3.0600  -17.7629    7.5828   18.5252  -17.7492  -10.0349   33.3001   30.4178
   -0.7656  -25.3261  -26.7388   -8.6647    9.2485  -17.4092   -0.0109    2.0583  -30.5038   39.7945
  -26.0501  -26.0863   21.1318   -3.8901    7.4859    3.2473   16.0506  -10.0276   -6.2139  -21.8090
  -25.0414  -14.7842    4.3947    9.1447    5.6376    6.1694  -19.8472  -14.6520    8.0066   16.6758
   -3.3582   -6.0865   -5.9929  -41.6381   -2.7304   -8.5279    3.6794   -6.5449    4.6136  -38.3927
    1.3857   34.6009  -13.0832  -39.8021   -8.6193  -24.1405    5.9904   11.2607  -29.8875   28.6276
   35.1462    6.8779   -3.7480   24.9136   19.5013   16.8711   -5.7906   -4.3698   -7.1830   23.4043
   37.5784    5.2141   12.8222   -4.5440   30.6088  -16.9076   -2.9396    5.6606  -40.1729  -30.8285
   16.5089    9.0141   50.1251  -18.1054   18.1435   30.5951    3.1802   10.1264  -19.5895   -2.1185
   -1.6616   16.6364  -28.7362   -1.8600   43.3928  -10.7081   -4.6548    5.5823   30.8896  -31.6044
  -11.4114  -27.6460    8.2550   12.7106   19.8927  -15.3626  -49.8138   -8.7234   -5.8723  -21.9762
    6.2990  -12.4262    1.7128   -3.5948   -1.2241  -13.6617    2.2496   -4.0279   27.0980    1.6753
    3.6597   -3.0964   45.0489    4.4106   -1.0049  -15.8488   16.8051   18.7895   11.9500   26.0524
  -33.5253  -12.6920   14.9849  -22.7014    0.2397  -23.5431    1.7553  -26.4679   11.6219  -23.0830
   -0.5093    8.7797  -19.1499   36.6778  -30.9200   31.5132   -7.8943  -16.5757  -11.2310    2.7055
    3.9165   -6.1045   15.2016   15.3902    7.7132   -7.6337   26.1353   50.0189   18.3550   17.6460
  -37.0317    4.7205  -20.8069  -31.7550   -9.6734  -37.5309    9.7049    2.0635  -12.8385   36.2753
    2.4288    2.2252   16.9937   21.7804    2.8386  -21.0817    9.5179    7.7482   -7.2681   26.7133
  -12.2714    9.0038  -35.8017   -4.8879   -1.4072   28.2373  -52.2536   -9.6562  -22.2831   11.5025
  -27.6026  -11.1309   -8.2960  -25.2586  -18.0581  -19.8874  -12.5898  -26.4073   19.7267   17.4829
   -3.7120  -16.3901    0.6922  -35.3142    1.7708   39.6525    3.3803   10.0095   -5.0299   -3.5563
    3.8398  -39.8479   21.5290  -10.1352   32.0053  -14.1826   19.7009   -2.7132   24.9563  -13.2965
   20.5095   44.0194  -25.7740    9.8967    8.6559  -17.9510  -24.1554    8.7958  -13.9930  -17.6667
    0.6676    3.2819    7.3835   20.4567   -5.8666    6.8734   -4.7053  -13.9116   25.3999   10.6155
   51.2584  -14.5013    2.6588   25.4863   11.2412  -13.5845   17.9416   16.6574   -8.5970    8.5289
   14.3003  -22.5777   25.8777   24.4883   -2.8097  -14.1613   11.7630  -11.5697  -30.4414  -48.4779
    6.0091  -28.4400  -27.0226   11.4268    4.9177   19.7819  -15.4993  -22.1919    0.8923    3.0346
   34.4274    8.5381   -3.8582   -1.2115   -8.2313   10.6930    6.0094   26.0106   19.7597   46.4718
  -25.0234    1.1388  -11.6827  -12.5011   42.8219  -20.9467   13.5113    0.1212   16.0101   27.6238
  -24.0599   -8.2796  -16.2496  -14.3276   19.7347    7.4924  -34.4574   36.8474  -21.6687    3.0375
   25.7637   -5.5203   -2.5345   14.9921    7.6312   13.9998   16.6576   14.0610   35.3829   -8.7387
   45.2140   -2.2126   -7.5098  -34.0290  -15.8112  -13.5635   29.3194   -3.4620   19.7392   46.8514
   11.6181   38.2158    1.7257  -19.7570  -20.8183   18.3316    5.7105  -24.8159  -27.2209    2.4347
    6.1515   -4.7141    1.5110    5.8496   10.5119   18.7604   16.0617  -16.7661    1.1004   23.4908
  -32.5869  -15.3308   -6.4185  -21.1250  -50.6683   -8.6443   20.6489   52.0042    6.7795  -15.4201
   14.4631    5.6584   -4.5259   27.5860  -35.2780   -2.1847   24.0324    4.9101  -22.8248  -13.1501
   -1.1337   17.5453    7.4147    7.3684  -16.5996    8.3136    7.4292    3.2239    7.1675   -9.5875
   23.9131   37.6849   39.8769   -8.3017   -4.8497   26.7399  -21.8139   10.8305   12.6524   13.5371
   35.6003  -29.3770   -8.3102  -42.8015  -36.2038    1.6599   13.0368   11.8892   -6.6012    4.7196
   37.9266    8.6890   27.8929   13.6910   -7.3474  -25.2670  -14.0370   32.7951    1.5251  -13.1060
   26.0279   20.7375   -9.7051   -4.4727  -13.3046  -32.7115    5.2670  -11.8156    8.6486   21.9426
   21.1340   -6.8711   17.0620   38.1851   22.5546   -2.9595   32.4398  -10.9102  -22.1969  -28.4007
   34.3501  -16.1522   17.6085    0.6132   -3.7401   19.8064  -20.9555    7.4911   19.4682   25.3178
   -2.7591    3.2733  -22.6106    9.7111    6.4314   11.8353   -0.6240  -10.8698   20.2358   16.2136
  -57.5204   -5.1210  -17.5115  -18.7252    7.3981  -12.3372   25.7679   36.3350    9.0175   -3.9738
  -11.8296    0.2642  -15.6819   13.3063   29.8638   20.7015  -10.6472  -22.7998  -17.3796   14.9963
   54.0959  -21.6800  -11.7247   50.1375   32.1140   24.1673   19.4607   22.9573   17.1462    0.5994
  -22.2642  -17.2049   -4.4208  -27.8806   -6.3342   28.3959  -10.6920  -34.0589  -41.3932  -12.2583
    5.4492    6.7739  -45.9202    1.1863    8.4924   -3.9101  -37.1721    0.8257   -4.0884   18.3646
   31.2569   12.8812   16.0071  -18.5466  -15.4173  -35.0870   27.5831   -0.5816   12.4878  -14.6787
   -8.7835   -2.7698   -4.6837   11.2956    3.6084  -10.6735    6.8236   24.0313  -24.1411   31.0233
  -36.9215    2.8567  -32.8159   -4.9235   12.1148   -8.1226    1.9629   -8.7345   36.2671  -13.2745
    2.2680   -0.8566   17.3310    7.6832   -7.0246   24.5171  -38.4931   30.9129   19.8981   26.1239
   20.1530  -41.2118  -11.4071   -9.3526   24.0516  -24.0098   10.0165  -29.4148   11.5801    6.6331
   12.3815  -19.2839  -29.7624  -10.9900   16.4406   17.8307    5.0347  -11.8465   24.0063  -17.1848
  -25.4149  -10.2025   28.0673  -24.6931   15.0761   -4.8150   33.0257  -24.0929   43.0303    0.4462
  -12.2335   36.7365   29.5610   43.6958   -9.2000  -26.5173    8.4578   -0.5361   27.6911   39.0669
   12.3478  -20.8818    2.3237    8.3054  -12.0457   13.6107   13.2132   13.7833  -19.3007   13.8699
  -28.7636   27.8091  -27.9923  -22.3398    9.7490   30.2121  -38.4019  -24.5157   34.5901    6.9427
   39.0518   13.5422    0.2844   -6.4297  -23.2289   23.9112    3.1568   39.6471   -0.2228  -25.2764
   15.9474   -0.5140   -1.2103    0.0723  -12.0355   22.7103   25.7307   14.4428  -12.1636   15.6173
    6.8231  -12.3043  -30.0440    2.2880    8.2500  -17.7738   -7.7744    8.5212   -7.5252   -4.5275
    5.1633  -31.1599   23.4234   15.1675   -1.7815    7.8610  -22.0871  -21.2947   10.1590   -7.3963
   -4.7854    3.9830   -7.9180  -19.2055    7.1499  -29.7759  -13.8876   -0.4178  -27.4858   -3.7012



