       221.81
       880.67
       -295.3
       99.702
       93.433
       465.96
       62.815
       81.057
       6.2262
      -257.18
      -174.87
      -47.464
      -3.0378
       309.02
      -336.33
       212.25
       -173.1
      -408.22
       247.28
      -339.35
      -1.0184
       708.51
      -67.754
       346.25
       231.71
       270.99
      -736.29
       1303.9
      -323.61
       -616.3
      -1057.8
      -265.27
      -587.67
       311.56
       392.23
       390.02
      -101.58
       1054.6
       -303.4
       192.46
      -940.02
       433.58
       730.71
      -232.74
      -53.574
      -906.58
      -480.33
       -407.1
      -57.819
      -909.06
        761.4
       65.438
       415.59
       420.98
       646.62
      -225.71
       77.089
      -702.75
      -186.25
       -41.19
       402.84
      -344.74
       437.02
       570.02
       55.368
       240.29
      -313.83
       360.85
       341.97
       574.89
       -365.9
       395.16
      -181.36
      -235.74
       79.688
      -538.76
       41.912
       90.822
        152.8
       275.31
      -231.61
       747.39
       463.57
       376.63
       471.11
      -762.86
       830.04
      -593.25
       140.99
      -70.481
      -283.77
      -797.49
       136.17
        713.4
      -327.88
      -266.06
       661.69
       116.95
      -234.46
      -37.144